ISS (ZARYA)             
1 25544U 98067A   15051.80472707  .00012522  00000-0  18963-3 0  9999
2 25544  51.6466 305.2870 0005813  27.4514  81.5032 15.55046614929922
TIANGONG 1              
1 37820U 11053A   15051.88070850  .00051967  00000-0  41192-3 0  9996
2 37820  42.7667 253.0311 0010791  35.4286  96.9218 15.70408942195094
FLOCK 1B-24             
1 40122U 98067EU  15051.04043088  .00257229  00000-0  86719-3 0  9999
2 40122  51.6255 292.5188 0003569 204.7352 258.4638 15.88765174 64576
FLOCK 1B-23             
1 40123U 98067EV  15051.83824192  .00483717  11040-3  99612-3 0  9998
2 40123  51.6278 286.6123 0007042 232.1012 209.9291 15.98649825 64721
FLOCK 1B-2              
1 40132U 98067FB  15051.75272537  .00279973  40258-4  86854-3 0  9994
2 40132  51.6267 286.7082 0001150 355.5638 113.2956 15.91169071 28630
FLOCK 1B-8              
1 40133U 98067FC  15051.76136770  .00417239  86498-4  75788-3 0  9993
2 40133  51.6203 285.2392 0003552 277.0203 197.7840 16.00895303 64952
FLOCK 1B-17             
1 40140U 98067FF  15051.88333979  .00618159  18688-3  10394-2 0  9994
2 40140  51.6263 286.0987 0004308 299.3340 150.3011 16.02189599 26424
SPINSAT                 
1 40314U 98067FL  15051.51099263  .00023660  00000-0  34735-3 0  9991
2 40314  51.6493 306.5400 0006048  44.6257 315.5216 15.55367283 64486
AESP 14                 
1 40389U 98067FM  15051.90933718  .00121538  00000-0  15435-2 0  9996
2 40389  51.6538 304.5273 0002564  69.1423  18.4433 15.58505969  7924
PROGRESS-M 26M          
1 40392U 15008A   15048.48047249 -.00003784  11964-4  00000+0 0  9995
2 40392  51.6481 321.8961 0038398  90.8427  83.9130 16.22895362    04
